00000000: 00110000 00110000 00110000 00110000 00110000 00110000  000000
00000006: 00110000 00110000 00111010 00100000 00110000 00110001  00: 01
0000000c: 00110000 00110001 00110000 00110001 00110000 00110000  010100
00000012: 00100000 00110000 00110001 00110001 00110000 00110001   01101
00000018: 00110000 00110000 00110000 00100000 00110000 00110001  000 01
0000001e: 00110001 00110000 00110000 00110001 00110000 00110001  100101
00000024: 00100000 00110000 00110000 00110001 00110000 00110000   00100
0000002a: 00110000 00110000 00110000 00100000 00110000 00110001  000 01
00000030: 00110001 00110001 00110000 00110000 00110000 00110001  110001
00000036: 00100000 00110000 00110001 00110001 00110001 00110000   01110
0000003c: 00110001 00110000 00110001 00100000 00100000 01010100  101  T
00000042: 01101000 01100101 00100000 01110001 01110101 00001010  he qu

00000048: 00110000 00110000 00110000 00110000 00110000 00110000  000000
0000004e: 00110000 00110110 00111010 00100000 00110000 00110001  06: 01
00000054: 00110001 00110000 00110001 00110000 00110000 00110001  101001
0000005a: 00100000 00110000 00110001 00110001 00110000 00110000   01100
00000060: 00110000 00110001 00110001 00100000 00110000 00110001  011 01
00000066: 00110001 00110000 00110001 00110000 00110001 00110001  101011
0000006c: 00100000 00110000 00110000 00110001 00110000 00110000   00100
00000072: 00110000 00110000 00110000 00100000 00110000 00110001  000 01
00000078: 00110001 00110000 00110000 00110000 00110001 00110000  100010
0000007e: 00100000 00110000 00110001 00110001 00110001 00110000   01110
00000084: 00110000 00110001 00110000 00100000 00100000 01101001  010  i
0000008a: 01100011 01101011 00100000 01100010 01110010 00001010  ck br

00000090: 00110000 00110000 00110000 00110000 00110000 00110000  000000
00000096: 00110000 01100011 00111010 00100000 00110000 00110001  0c: 01
0000009c: 00110001 00110000 00110001 00110001 00110001 00110001  101111
000000a2: 00100000 00110000 00110001 00110001 00110001 00110000   01110
000000a8: 00110001 00110001 00110001 00100000 00110000 00110001  111 01
000000ae: 00110001 00110000 00110001 00110001 00110001 00110000  101110
000000b4: 00100000 00110000 00110000 00110001 00110000 00110000   00100
000000ba: 00110000 00110000 00110000 00100000 00110000 00110001  000 01
000000c0: 00110001 00110000 00110000 00110001 00110001 00110000  100110
000000c6: 00100000 00110000 00110001 00110001 00110000 00110001   01101
000000cc: 00110001 00110001 00110001 00100000 00100000 01101111  111  o
000000d2: 01110111 01101110 00100000 01100110 01101111 00001010  wn fo

000000d8: 00110000 00110000 00110000 00110000 00110000 00110000  000000
000000de: 00110001 00110010 00111010 00100000 00110000 00110001  12: 01
000000e4: 00110001 00110001 00110001 00110000 00110000 00110000  111000
000000ea: 00100000 00110000 00110000 00110001 00110000 00110000   00100
000000f0: 00110000 00110000 00110000 00100000 00110000 00110001  000 01
000000f6: 00110001 00110000 00110001 00110000 00110001 00110000  101010
000000fc: 00100000 00110000 00110001 00110001 00110001 00110000   01110
00000102: 00110001 00110000 00110001 00100000 00110000 00110001  101 01
00000108: 00110001 00110000 00110001 00110001 00110000 00110001  101101
0000010e: 00100000 00110000 00110001 00110001 00110001 00110000   01110
00000114: 00110000 00110000 00110000 00100000 00100000 01111000  000  x
0000011a: 00100000 01101010 01110101 01101101 01110000 00001010   jump

00000120: 00110000 00110000 00110000 00110000 00110000 00110000  000000
00000126: 00110001 00111000 00111010 00100000 00110000 00110001  18: 01
0000012c: 00110001 00110000 00110000 00110001 00110000 00110001  100101
00000132: 00100000 00110000 00110001 00110001 00110000 00110000   01100
00000138: 00110001 00110000 00110000 00100000 00110000 00110000  100 00
0000013e: 00110001 00110000 00110000 00110000 00110000 00110000  100000
00000144: 00100000 00110000 00110001 00110001 00110000 00110001   01101
0000014a: 00110001 00110001 00110001 00100000 00110000 00110001  111 01
00000150: 00110001 00110001 00110000 00110001 00110001 00110000  110110
00000156: 00100000 00110000 00110001 00110001 00110000 00110000   01100
0000015c: 00110001 00110000 00110001 00100000 00100000 01100101  101  e
00000162: 01100100 00100000 01101111 01110110 01100101 00001010  d ove

00000168: 00110000 00110000 00110000 00110000 00110000 00110000  000000
0000016e: 00110001 01100101 00111010 00100000 00110000 00110001  1e: 01
00000174: 00110001 00110001 00110000 00110000 00110001 00110000  110010
0000017a: 00100000 00110000 00110000 00110001 00110000 00110000   00100
00000180: 00110000 00110000 00110000 00100000 00110000 00110001  000 01
00000186: 00110001 00110001 00110000 00110001 00110000 00110000  110100
0000018c: 00100000 00110000 00110001 00110001 00110000 00110001   01101
00000192: 00110000 00110000 00110000 00100000 00110000 00110001  000 01
00000198: 00110001 00110000 00110000 00110001 00110000 00110001  100101
0000019e: 00100000 00110000 00110000 00110001 00110000 00110000   00100
000001a4: 00110000 00110000 00110000 00100000 00100000 01110010  000  r
000001aa: 00100000 01110100 01101000 01100101 00100000 00001010   the 

000001b0: 00110000 00110000 00110000 00110000 00110000 00110000  000000
000001b6: 00110010 00110100 00111010 00100000 00110000 00110001  24: 01
000001bc: 00110001 00110000 00110001 00110001 00110000 00110000  101100
000001c2: 00100000 00110000 00110001 00110001 00110000 00110000   01100
000001c8: 00110000 00110000 00110001 00100000 00110000 00110001  001 01
000001ce: 00110001 00110001 00110001 00110000 00110001 00110000  111010
000001d4: 00100000 00110000 00110001 00110001 00110001 00110001   01111
000001da: 00110000 00110000 00110001 00100000 00110000 00110000  001 00
000001e0: 00110001 00110000 00110000 00110000 00110000 00110000  100000
000001e6: 00100000 00110000 00110001 00110001 00110000 00110000   01100
000001ec: 00110001 00110000 00110000 00100000 00100000 01101100  100  l
000001f2: 01100001 01111010 01111001 00100000 01100100 00001010  azy d

000001f8: 00110000 00110000 00110000 00110000 00110000 00110000  000000
000001fe: 00110010 01100001 00111010 00100000 00110000 00110001  2a: 01
00000204: 00110001 00110000 00110001 00110001 00110001 00110001  101111
0000020a: 00100000 00110000 00110001 00110001 00110000 00110000   01100
00000210: 00110001 00110001 00110001 00100000 00100000 00100000  111   
00000216: 00100000 00100000 00100000 00100000 00100000 00100000        
0000021c: 00100000 00100000 00100000 00100000 00100000 00100000        
00000222: 00100000 00100000 00100000 00100000 00100000 00100000        
00000228: 00100000 00100000 00100000 00100000 00100000 00100000        
0000022e: 00100000 00100000 00100000 00100000 00100000 00100000        
00000234: 00100000 00100000 00100000 00100000 00100000 01101111       o
0000023a: 01100111 00001010                                      g

